   4.0000000e+00   2.8000000e+01   3.8644366e-01
   6.0000000e+00   2.8000000e+01   3.0247546e-01
   2.5000000e+01  -2.8000000e+01  -5.5963441e-01
   2.0000000e+00   2.7000000e+01   1.0427741e-01
   7.0000000e+00  -2.7000000e+01  -1.8747887e-01
   2.7000000e+01  -2.7000000e+01   0.0000000e+00
   2.2000000e+01  -2.6000000e+01  -6.4248621e-02
   2.4000000e+01   2.5000000e+01   1.2412618e-01
   1.3000000e+01   1.8000000e+01   6.9407028e-02
   5.0000000e+00   0.0000000e+00   0.0000000e+00
   1.4000000e+01   0.0000000e+00   6.1353307e-02
   2.3000000e+01   0.0000000e+00   0.0000000e+00
   2.8000000e+01   0.0000000e+00   1.1962795e-01
   9.0000000e+00   0.0000000e+00   5.1595488e-01
   1.5000000e+01   0.0000000e+00   0.0000000e+00
   3.0000000e+01   0.0000000e+00   2.4600141e-01
   3.0000000e+00   0.0000000e+00   1.7761540e-01
   1.7000000e+01   0.0000000e+00   0.0000000e+00
   2.0000000e+01   0.0000000e+00   0.0000000e+00
   2.1000000e+01   0.0000000e+00   0.0000000e+00
   1.1000000e+01   0.0000000e+00   0.0000000e+00
   1.2000000e+01   0.0000000e+00   0.0000000e+00
   1.8000000e+01   0.0000000e+00   3.0564893e-01
   8.0000000e+00   0.0000000e+00   0.0000000e+00
   1.0000000e+01   0.0000000e+00   0.0000000e+00
   1.6000000e+01   0.0000000e+00   0.0000000e+00
   2.9000000e+01   0.0000000e+00   0.0000000e+00
   2.6000000e+01   0.0000000e+00   0.0000000e+00
   1.9000000e+01   0.0000000e+00   0.0000000e+00
